With Language Model
CER: 0.11902164493337275
WER: 0.2015816927477705
BLEU: 0.7984603735487128

Without Language Model
CER: 0.14541765647461843
WER: 0.3289163722025913
BLEU: 0.6713300161053821
