With Language Model
CER: 0.015798822549666164
WER: 0.03510857505151371
BLEU: 0.9649112379140911

Without Language Model
CER: 0.04640001540409267
WER: 0.16383341258519576
BLEU: 0.8362154519336186
