
CER: 0.015057500589687923
WER: 0.03554446029481693
BLEU: 0.9644612005524987
