With Language Model
CER: 0.0122562700902739
WER: 0.02766884531590414
BLEU: 0.9723396429278782

Without Language Model
CER: 0.04297634400323369
WER: 0.1560308972073678
BLEU: 0.8439860792801969
