With Language Model
CER: 0.012217773757049641
WER: 0.02701525054466231
BLEU: 0.9729847494553376

Without Language Model
CER: 0.04263468904586838
WER: 0.15412953060011883
BLEU: 0.8481115245446639
