
CER: 0.015567761159543076
WER: 0.037228562371215725
BLEU: 0.9627770984760999
