With Language Model
CER: 0.09855938337938276
WER: 0.17995961635537608
BLEU: 0.820040383644624

Without Language Model
CER: 0.12951275960156194
WER: 0.31726400807672894
BLEU: 0.6827960866325329
