
CER: 0.1288092737783306
WER: 0.21941780245667172
BLEU: 0.780672339607221
