
CER: 0.15638795713834203
WER: 0.2755763082618206
BLEU: 0.7244236917381793
