With Language Model
CER: 0.014262891459588475
WER: 0.033531392354921766
BLEU: 0.9664912429618313

Without Language Model
CER: 0.014686351125055338
WER: 0.03769063180827887
BLEU: 0.9623150270209093
