
CER: 0.013266798837410736
WER: 0.030738760150524857
BLEU: 0.9692640692640693
