
CER: 0.1350998644005587
WER: 0.2212266532054518
BLEU: 0.7793562654743876
