With Language Model
CER: 0.13556885494937962
WER: 0.22913511694430422
BLEU: 0.7708626716604022

Without Language Model
CER: 0.13892315691812038
WER: 0.273346794548208
BLEU: 0.7267180602020707
