With Language Model
CER: 0.10595108224666863
WER: 0.17773010264176342
BLEU: 0.8222999447128675

Without Language Model
CER: 0.13669035408786437
WER: 0.31495036177014973
BLEU: 0.6851758371193
