With Language Model
CER: 0.014373943977240454
WER: 0.03223569503883341
BLEU: 0.9677982700450604

Without Language Model
CER: 0.04507622618984582
WER: 0.16103978443493422
BLEU: 0.8390253682568182
