With Language Model
CER: 0.11768604141390455
WER: 0.1945986875315497
BLEU: 0.8054433787649337

Without Language Model
CER: 0.14776260921872292
WER: 0.33430085815244825
BLEU: 0.6659832860782311
